arm                  span   ctx   t/s  tok_ms  L  split/tok comb/tok attn%  (split% comb%)  spans   wg  split_ms/call comb_ms/call  req GB/s  uniq GB/s
-------------------------------------------------------------------------------------------------------------------------------------------------------
guard-span1024        1024 16384 63.80   15.67 10      4.03     0.42  28.4  (25.7  2.7)    17  272        0.4028       0.0417     250.4       31.3
guard-span128          128 16384 65.83   15.19 10      3.23     0.53  24.8  (21.3  3.5)   129 2064        0.3232       0.0533     312.1       39.0
guard-span2048        2048 16384 59.68   16.76 10      5.00     0.41  32.3  (29.9  2.4)     9  144        0.5002       0.0410     201.6       25.2
guard-span256          256 16384 61.97   16.14 10      3.73     0.47  26.0  (23.1  2.9)    65 1040        0.3731       0.0467     270.3       33.8
guard-span4096        4096 16384 53.32   18.75 10      7.05     0.40  39.7  (37.6  2.2)     5   80        0.7051       0.0404     143.1       17.9
swift-span1024        1024 16384 18.35   54.50 16      9.14     0.99  18.6  (16.8  1.8)    17  408        0.5710       0.0620     265.0       44.2
swift-span128          128 16384 18.61   53.73 16      7.94     1.18  17.0  (14.8  2.2)   129 3096        0.4961       0.0735     305.0       50.8
swift-span2048        2048 16384 16.63   60.13 16     10.93     0.98  19.8  (18.2  1.6)     9  216        0.6834       0.0613     221.4       36.9
swift-span256          256 16384 18.58   53.82 16      8.18     1.07  17.2  (15.2  2.0)    65 1560        0.5110       0.0670     296.0       49.3
swift-span4096        4096 16384 15.91   62.85 16     14.55     0.97  24.7  (23.2  1.5)     5  120        0.9095       0.0608     166.3       27.7
