arm                  span   ctx   t/s  tok_ms  L  split/tok comb/tok attn%  (split% comb%)  spans   wg  split_ms/call comb_ms/call  req GB/s  uniq GB/s
-------------------------------------------------------------------------------------------------------------------------------------------------------
guard-16384-r1         512 16384 64.09   15.60 10      3.59     0.44  25.8  (23.0  2.8)    33  528        0.3588       0.0438     281.1       35.1
guard-16384-r2         512 16384 64.57   15.49 10      3.59     0.44  26.0  (23.2  2.8)    33  528        0.3592       0.0435     280.8       35.1
guard-32768-r1         512 32768 52.26   19.14 10      6.59     0.70  38.1  (34.5  3.7)    65 1040        0.6592       0.0701     305.7       38.2
guard-32768-r2         512 32768 52.58   19.02 10      6.50     0.71  37.9  (34.2  3.7)    65 1040        0.6502       0.0707     309.9       38.7
guard-8192-r1          512  8192 72.39   13.81 10      2.03     0.27  16.6  (14.7  2.0)    17  272        0.2028       0.0270     249.2       31.1
guard-8192-r2          512  8192 73.94   13.52 10      1.98     0.27  16.7  (14.7  2.0)    17  272        0.1984       0.0269     254.7       31.8
swift-16384-r1         512 16384 18.48   54.11 16      8.53     1.02  17.7  (15.8  1.9)    33  792        0.5334       0.0639     283.7       47.3
swift-16384-r2         512 16384 18.41   54.32 16      8.58     1.02  17.7  (15.8  1.9)    33  792        0.5365       0.0638     282.0       47.0
swift-32768-r1         512 32768 15.40   64.94 16     16.35     1.67  27.7  (25.2  2.6)    65 1560        1.0221       0.1041     295.8       49.3
swift-32768-r2         512 32768 14.63   68.35 16     17.51     1.67  28.1  (25.6  2.4)    65 1560        1.0943       0.1041     276.2       46.0
swift-8192-r1          512  8192 20.15   49.63 16      4.56     0.63  10.4  ( 9.2  1.3)    17  408        0.2847       0.0394     266.2       44.4
swift-8192-r2          512  8192 19.97   50.08 16      4.59     0.63  10.4  ( 9.2  1.3)    17  408        0.2870       0.0396     264.1       44.0
