arm                 span   ctx    t/s  ms/call    wg  us/wg  ns/wgkey  ns/keyhead
---------------------------------------------------------------------------------
guard-span1024        1024 16384  63.80   0.4028   272   59.2    1.4461     24.5363
guard-span128          128 16384  65.83   0.3232  2064    6.3    1.2234     19.6883
guard-span2048        2048 16384  59.68   0.5002   144  138.9    1.6960     30.4690
guard-span256          256 16384  61.97   0.3731  1040   14.4    1.4015     22.7307
guard-span4096        4096 16384  53.32   0.7051    80  352.5    2.1517     42.9491
swift-span1024        1024 16384  18.35   0.5710   408   56.0    1.3667     34.7839
swift-span128          128 16384  18.61   0.4961  3096    6.4    1.2519     30.2207
swift-span2048        2048 16384  16.63   0.6834   216  126.5    1.5448     41.6279
swift-span256          256 16384  18.58   0.5110  1560   13.1    1.2796     31.1303
swift-span4096        4096 16384  15.91   0.9095   120  303.2    1.8504     55.4026
